0.1 4.18141320835
0.246362 10.0
0.347162 9.63053235443
0.448091 10.0
0.548891 10.0
0.649691 10.0
0.750491 10.0
0.851291 10.0
0.952091 10.0
1.052891 10.0
1.153691 10.0
1.254491 10.0
1.355291 10.0
1.456091 10.0000992073
1.55689 10.0
1.65769 10.0
1.75849 10.0
1.85929 10.0
1.96009 10.0
2.06089 10.0
2.16169 10.0
2.26249 10.0
2.36329 10.0
2.46409 10.0
2.56489 10.0
2.66569 10.0000992073
2.766489 10.0
2.867289 10.0
2.968089 10.0
3.068889 10.0
3.169689 10.0
3.270489 10.0
3.371289 10.0
3.472089 10.0
3.572889 10.0
3.673689 10.0
3.774489 10.0
3.875289 10.0000992073
3.976088 10.0
4.076888 10.0
4.177688 10.0
4.278488 7.77660634316
4.381875 3.28959806405
4.487663 3.92857142857
4.588463 3.55684740933
4.69305 4.63173424138
4.809637 5.04091705914
4.933424 5.13785777182
5.057211 7.01212265272
5.158179 5.04746336287
5.262786 5.95835112563
5.363485 6.7615658363
5.464645 7.501413957
5.565426 8.78155872667
5.666547 8.93193862766
5.767309 10.0
5.868109 10.0
5.968909 10.0
6.069709 10.0
6.170509 10.0000992073
6.271308 10.0
6.372108 10.0
6.472908 10.0
6.573708 10.0
6.674508 10.0
6.775308 10.0
6.876108 10.0
6.976908 10.0
7.077708 10.0
7.178508 10.0
7.279308 10.0000992073
7.380107 10.0
7.480907 10.0
7.581707 10.0
7.682507 10.0
7.783307 10.0
7.884107 10.0
7.984907 10.0
8.085707 10.0
8.186507 10.0
8.287307 10.0
8.388107 10.0
8.488907 10.0000992073
8.589706 10.0
8.690506 10.0
8.791306 10.0
8.892106 10.0
8.992906 10.0
9.093706 10.0
9.194506 10.0
9.295306 10.0
9.396106 10.0
9.496906 10.0
9.597706 10.0
9.698506 10.0000992073
9.799305 10.0
9.900105 10.0
10.000905 10.0
10.101705 10.0
10.202505 10.0
10.303305 10.0
10.404105 10.0
10.504905 10.0
10.605705 10.0
10.706505 10.0
10.807305 10.0
10.908105 10.0000992073
11.008904 10.0
11.109704 10.0
11.210504 10.0
11.311304 10.0
11.412104 10.0
11.512904 10.0
11.613704 10.0
11.714504 10.0
11.815304 10.0
11.916104 10.0
12.016904 10.0
12.117704 10.0000992073
12.218503 10.0
12.319303 10.0
12.420103 10.0
12.520903 10.0
12.621703 10.0
12.722503 10.0
12.823303 10.0
12.924103 10.0
13.024903 10.0
13.125703 10.0
13.226503 10.0
13.327303 10.0000992073
13.428102 10.0
13.528902 10.0
13.629702 10.0
13.730502 10.0
13.831302 10.0
13.932102 10.0
14.032902 10.0
14.133702 10.0
14.234502 10.0
14.335302 10.0
14.436102 10.0
14.536902 10.0000992073
14.637701 10.0
14.738501 10.0
14.839301 10.0
14.940101 10.0
15.040901 10.0
15.141701 10.0
15.242501 10.0
15.343301 10.0
15.444101 10.0
15.544901 10.0
15.645701 10.0
15.746501 10.0000992073
15.8473 10.0
15.9481 10.0
16.0489 10.0
16.1497 10.0
16.2505 10.0
16.3513 10.0
16.4521 10.0
16.5529 10.0
16.6537 10.0
16.7545 10.0
16.8553 10.0
16.9561 10.0000992073
17.056899 10.0
17.157699 10.0
17.258499 10.0
17.359299 10.0
17.460099 10.0
17.560899 10.0
17.661699 10.0
17.762499 10.0
17.863299 10.0
17.964099 10.0
18.064899 10.0
18.165699 10.0000992073
18.266498 10.0
18.367298 10.0
18.468098 10.0
18.568898 10.0
18.669698 10.0
18.770498 10.0
18.871298 10.0
18.972098 10.0
19.072898 10.0
19.173698 10.0
19.274498 10.0000992073
19.375297 10.0
19.476097 10.0
19.576897 10.0
19.677697 10.0
19.778497 10.0
19.879297 10.0
19.980097 10.0
20.080897 10.0
20.181697 10.0
20.282497 10.0
20.383297 10.0
20.484097 10.0000992073
20.584896 10.0
20.685696 10.0
20.786496 10.0
20.887296 10.0
20.988096 10.0
21.088896 10.0
21.189696 10.0
21.290496 10.0
21.391296 10.0
21.492096 10.0
21.592896 10.0
21.693696 10.0000992073
21.794495 10.0
21.895295 10.0
21.996095 10.0
22.096895 10.0
22.197695 10.0
22.298495 10.0
22.399295 10.0
22.500095 10.0
22.600895 10.0
22.701695 10.0
22.802495 10.0
22.903295 10.0000992073
23.004094 10.0
23.104894 10.0
23.205694 10.0
23.306494 10.0
23.407294 10.0
23.508094 10.0
23.608894 10.0
23.709694 10.0
23.810494 10.0
23.911294 10.0
24.012094 10.0
24.112894 10.0000992073
24.213693 10.0
24.314493 10.0
24.415293 10.0
24.516093 10.0
24.616893 10.0
24.717693 10.0
24.818493 10.0
24.919293 10.0
25.020093 10.0
25.120893 10.0
25.221693 10.0
25.322493 10.0000992073
25.423292 10.0
25.524092 10.0
25.624892 10.0
25.725692 10.0
25.826492 10.0
25.927292 10.0
26.028092 10.0
26.128892 10.0
26.229692 10.0
26.330492 10.0
26.431292 10.0
26.532092 10.0000992073
26.632891 10.0
26.733691 10.0
26.834491 10.0
26.935291 10.0
27.036091 10.0
27.136891 10.0
27.237691 10.0
27.338491 10.0
27.439291 10.0
27.540091 10.0
27.640891 10.0
27.741691 10.0000992073
27.84249 10.0
27.94329 10.0
28.04409 10.0
28.14489 10.0
28.24569 10.0
28.34649 10.0
28.44729 10.0
28.54809 10.0
28.64889 10.0
28.74969 10.0
28.85049 10.0
28.95129 10.0000992073
29.052089 10.0
29.152889 10.0
29.253689 10.0
29.354489 10.0
29.455289 10.0
29.556089 10.0
29.656889 10.0
29.757689 10.0
29.858489 10.0
29.959289 10.0
30.060089 10.0
30.160889 10.0000992073
30.261688 10.0
30.362488 10.0
30.463288 10.0
30.564088 10.0
30.664888 10.0
30.765688 10.0
30.866488 10.0
30.967288 10.0
31.068088 10.0
31.168888 10.0
31.269688 10.0
31.370488 10.0000992073
31.471287 10.0
31.572087 10.0
31.672887 10.0
31.773687 10.0
31.874487 10.0
31.975287 10.0
32.076087 10.0
32.176887 10.0
32.277687 10.0
32.378487 10.0
32.479287 10.0000992073
32.580086 10.0
32.680886 10.0
32.781686 10.0
32.882486 10.0
32.983286 10.0
33.084086 10.0
33.184886 10.0
33.285686 10.0
33.386486 10.0
33.487286 10.0
33.588086 10.0
33.688886 10.0000992073
33.789685 10.0
33.890485 10.0
33.991285 10.0
34.092085 10.0
34.192885 10.0
34.293685 10.0
34.394485 10.0
34.495285 10.0
34.596085 10.0
34.696885 10.0
34.797685 10.0
34.898485 10.0000992073
34.999284 10.0
35.100084 10.0
35.200884 10.0
35.301684 10.0
35.402484 10.0
35.503284 10.0
35.604084 10.0
35.704884 10.0
35.805684 10.0
35.906484 10.0
36.007284 10.0
36.108084 10.0000992073
36.208883 10.0
36.309683 10.0
36.410483 10.0
36.511283 10.0
36.612083 10.0
36.712883 10.0
36.813683 10.0
36.914483 10.0
37.015283 10.0
37.116083 10.0
37.216883 10.0
37.317683 10.0000992073
37.418482 10.0
37.519282 10.0
37.620082 10.0
37.720882 10.0
37.821682 10.0
37.922482 10.0
38.023282 10.0
38.124082 10.0
38.224882 10.0
38.325682 10.0
38.426482 10.0
38.527282 10.0000992073
38.628081 10.0
38.728881 10.0
38.829681 10.0
38.930481 10.0
39.031281 10.0
39.132081 10.0
39.232881 10.0
39.333681 10.0
39.434481 10.0
39.535281 10.0
39.636081 10.0
39.736881 10.0000992073
39.83768 10.0
39.93848 10.0
40.03928 10.0
40.14008 10.0
40.24088 10.0
40.34168 10.0
40.44248 10.0
40.54328 10.0
40.64408 10.0
40.74488 10.0
40.84568 10.0
40.94648 10.0000992073
41.047279 10.0
41.148079 10.0
41.248879 10.0
41.349679 10.0
41.450479 10.0
41.551279 10.0
41.652079 10.0
41.752879 10.0
41.853679 10.0
41.954479 10.0
42.055279 10.0
42.156079 10.0000992073
42.256878 10.0
42.357678 10.0
42.458478 10.0
42.559278 10.0
42.660078 10.0
42.760878 10.0
42.861678 10.0
42.962478 10.0
43.063278 10.0
43.164078 10.0
43.264878 10.0
43.365678 10.0000992073
43.466477 10.0
43.567277 10.0
43.668077 10.0
43.768877 10.0
43.869677 10.0
43.970477 10.0
44.071277 10.0
44.172077 10.0
44.272877 10.0
44.373677 10.0
44.474477 10.0000992073
44.575276 10.0
44.676076 10.0
44.776876 10.0
44.877676 10.0
44.978476 10.0
45.079276 10.0
45.180076 10.0
45.280876 10.0
45.381676 10.0
45.482476 10.0
45.583276 10.0
45.684076 10.0000992073
45.784875 10.0
45.885675 10.0
45.986475 10.0
46.087275 10.0
46.188075 10.0
46.288875 10.0
46.389675 10.0
46.490475 10.0
46.591275 10.0
46.692075 10.0
46.792875 10.0
46.893675 10.0000992073
46.994474 10.0
47.095274 10.0
47.196074 10.0
47.296874 10.0
47.397674 10.0
47.498474 10.0
47.599274 10.0
47.700074 10.0
47.800874 10.0
47.901674 10.0
48.002474 10.0
48.103274 10.0000992073
48.204073 10.0
48.304873 10.0
48.405673 10.0
48.506473 10.0
48.607273 10.0
48.708073 10.0
48.808873 10.0
48.909673 10.0
49.010473 10.0
49.111273 10.0
49.212073 10.0
49.312873 10.0000992073
49.413672 10.0
49.514472 10.0
49.615272 10.0
49.716072 10.0
49.816872 10.0
49.917672 10.0
50.018472 10.0
50.119272 10.0
50.220072 10.0
50.320872 10.0
50.421672 10.0
50.522472 10.0000992073
50.623271 10.0
50.724071 10.0
50.824871 10.0
50.925671 10.0
51.026471 10.0
51.127271 10.0
51.228071 10.0
51.328871 10.0
51.429671 10.0
51.530471 10.0
51.631271 10.0
51.732071 10.0000992073
51.83287 10.0
51.93367 10.0
52.03447 10.0
52.13527 10.0
52.23607 10.0
52.33687 10.0
52.43767 10.0
52.53847 10.0
52.63927 10.0
52.74007 10.0
52.84087 10.0
52.94167 10.0000992073
53.042469 10.0
53.143269 10.0
53.244069 10.0
53.344869 10.0
53.445669 10.0
53.546469 10.0
53.647269 10.0
53.748069 10.0
53.848869 10.0
53.949669 10.0
54.050469 10.0
54.151269 10.0000992073
54.252068 10.0
54.352868 10.0
54.453668 10.0
54.554468 10.0
54.655268 10.0
54.756068 10.0
54.856868 10.0
54.957668 10.0
55.058468 10.0
55.159268 10.0
55.260068 10.0
55.360868 10.0000992073
55.461667 10.0
55.562467 10.0
55.663267 10.0
55.764067 10.0
55.864867 10.0
55.965667 10.0
56.066467 10.0
56.167267 10.0
56.268067 10.0
56.368867 10.0
56.469667 10.0
56.570467 10.0000992073
56.671266 10.0
56.772066 10.0
56.872866 10.0
56.973666 10.0
57.074466 10.0
57.175266 10.0
57.276066 10.0
57.376866 10.0
57.477666 10.0
57.578466 10.0
57.679266 10.0000992073
57.780065 10.0
57.880865 10.0
57.981665 10.0
58.082465 10.0
58.183265 10.0
58.284065 10.0
58.384865 10.0
58.485665 10.0
58.586465 10.0
58.687265 10.0
58.788065 10.0
58.888865 10.0000992073
58.989664 10.0
59.090464 10.0
59.191264 10.0
59.292064 10.0
59.392864 10.0
59.493664 10.0
59.594464 10.0
59.695264 10.0
59.796064 10.0
59.896864 10.0
59.997664 10.0
60.098464 10.0000992073
60.199263 10.0
60.300063 10.0
60.400863 10.0
60.501663 10.0
60.602463 10.0
60.703263 10.0
60.804063 10.0
60.904863 10.0
61.005663 10.0
61.106463 10.0
61.207263 10.0
61.308063 10.0000992073
61.408862 10.0
61.509662 10.0
61.610462 10.0
61.711262 10.0
61.812062 10.0
61.912862 10.0
62.013662 10.0
62.114462 10.0
62.215262 10.0
62.316062 10.0
62.416862 10.0
62.517662 10.0000992073
62.618461 10.0
62.719261 10.0
62.820061 10.0
62.920861 10.0
63.021661 10.0
63.122461 10.0
63.223261 10.0
63.324061 10.0
63.424861 10.0
63.525661 10.0
63.626461 10.0
63.727261 10.0000992073
63.82806 10.0
63.92886 10.0
64.02966 10.0
64.13046 10.0
64.23126 10.0
64.33206 10.0
64.43286 10.0
64.53366 10.0
64.63446 10.0
64.73526 10.0
64.83606 10.0
64.93686 10.0000992073
65.037659 10.0
65.138459 10.0
65.239259 10.0
65.340059 10.0
65.440859 10.0
65.541659 10.0
65.642459 10.0
65.743259 10.0
65.844059 10.0
65.944859 10.0
66.045659 10.0
66.146459 10.0000992073
66.247258 10.0
66.348058 10.0
66.448858 10.0
66.549658 10.0
66.650458 10.0
66.751258 10.0
66.852058 10.0
66.952858 10.0
67.053658 10.0
67.154458 10.0
67.255258 10.0
67.356058 10.0000992073
67.456857 10.0
67.557657 10.0
67.658457 10.0
67.759257 10.0
67.860057 10.0
67.960857 10.0
68.061657 10.0
68.162457 10.0
68.263257 10.0
68.364057 10.0
68.464857 10.0
68.565657 10.0000992073
68.666456 10.0
68.767256 10.0
68.868056 10.0
68.968856 10.0
69.069656 10.0
69.170456 10.0
69.271256 10.0
69.372056 10.0
69.472856 10.0
69.573656 10.0
69.674456 10.0000992073
69.775255 10.0
69.876055 10.0
69.976855 10.0
70.077655 10.0
70.178455 10.0
70.279255 10.0
70.380055 10.0
70.480855 10.0
70.581655 10.0
70.682455 10.0
70.783255 10.0
70.884055 10.0000992073
70.984854 10.0
71.085654 10.0
71.186454 10.0
71.287254 10.0
71.388054 10.0
71.488854 10.0
71.589654 10.0
71.690454 10.0
71.791254 10.0
71.892054 10.0
71.992854 10.0
72.093654 10.0000992073
72.194453 10.0
72.295253 10.0
72.396053 10.0
72.496853 10.0
72.597653 10.0
72.698453 10.0
72.799253 10.0
72.900053 10.0
73.000853 10.0
73.101653 10.0
73.202453 10.0
73.303253 10.0000992073
73.404052 10.0
73.504852 10.0
73.605652 10.0
73.706452 10.0
73.807252 10.0
73.908052 10.0
74.008852 10.0
74.109652 10.0
74.210452 10.0
74.311252 10.0
74.412052 10.0
74.512852 10.0000992073
74.613651 10.0
74.714451 10.0
74.815251 10.0
74.916051 10.0
75.016851 10.0
75.117651 10.0
75.218451 10.0
75.319251 10.0
75.420051 10.0
75.520851 10.0
75.621651 10.0
75.722451 10.0000992073
75.82325 10.0
75.92405 10.0
76.02485 10.0
76.12565 10.0
76.22645 10.0
76.32725 10.0
76.42805 10.0
76.52885 10.0
76.62965 10.0
76.73045 10.0
76.83125 10.0
76.93205 10.0000992073
77.032849 10.0
77.133649 10.0
77.234449 10.0
77.335249 10.0
77.436049 10.0
77.536849 10.0
77.637649 10.0
77.738449 10.0
77.839249 10.0
77.940049 10.0
78.040849 10.0
78.141649 10.0000992073
78.242448 10.0
78.343248 10.0
78.444048 10.0
78.544848 10.0
78.645648 10.0
78.746448 10.0
78.847248 10.0
78.948048 10.0
79.048848 10.0
79.149648 10.0
79.250448 10.0
79.351248 10.0000992073
79.452047 10.0
79.552847 10.0
79.653647 10.0
79.754447 10.0
79.855247 10.0
79.956047 10.0
80.056847 10.0
80.157647 10.0
80.258447 10.0
80.359247 10.0
80.460047 10.0
80.560847 10.0000992073
80.661646 10.0
80.762446 10.0
80.863246 10.0
80.964046 10.0
81.064846 10.0
81.165646 10.0
81.266446 10.0
81.367246 10.0
81.468046 10.0
81.568846 10.0
81.669646 10.0
81.770446 10.0000992073
81.871245 10.0
81.972045 10.0
82.072845 10.0
82.173645 10.0
82.274445 10.0
82.375245 10.0
82.476045 10.0
82.576845 10.0
82.677645 10.0
82.778445 10.0
82.879245 10.0000992073
82.980044 10.0
83.080844 10.0
83.181644 10.0
83.282444 10.0
83.383244 10.0
83.484044 10.0
83.584844 10.0
83.685644 10.0
83.786444 10.0
83.887244 10.0
83.988044 10.0
84.088844 10.0000992073
84.189643 10.0
84.290443 10.0
84.391243 10.0
84.492043 10.0
84.592843 10.0
84.693643 10.0
84.794443 10.0
84.895243 10.0
84.996043 10.0
85.096843 10.0
85.197643 10.0
85.298443 10.0000992073
85.399242 10.0
85.500042 10.0
85.600842 10.0
85.701642 10.0
85.802442 10.0
85.903242 10.0
86.004042 10.0
86.104842 10.0
86.205642 10.0
86.306442 10.0
86.407242 10.0
86.508042 10.0000992073
86.608841 10.0
86.709641 10.0
86.810441 10.0
86.911241 10.0
87.012041 10.0
87.112841 10.0
87.213641 10.0
87.314441 10.0
87.415241 10.0
87.516041 10.0
87.616841 10.0
87.717641 10.0000992073
87.81844 10.0
87.91924 10.0
88.02004 10.0
88.12084 10.0
88.22164 10.0
88.32244 10.0
88.42324 10.0
88.52404 10.0
88.62484 10.0
88.72564 10.0
88.82644 10.0
88.92724 10.0000992073
89.028039 10.0
89.128839 10.0
89.229639 10.0
89.330439 10.0
89.431239 10.0
89.532039 10.0
89.632839 10.0
89.733639 10.0
89.834439 10.0
89.935239 10.0
90.036039 10.0
90.136839 10.0000992073
90.237638 10.0
90.338438 10.0
90.439238 10.0
90.540038 10.0
90.640838 10.0
90.741638 10.0
90.842438 10.0
90.943238 10.0
91.044038 10.0
91.144838 10.0
91.245638 10.0
91.346438 10.0000992073
91.447237 10.0
91.548037 10.0
91.648837 10.0
91.749637 10.0
91.850437 10.0
91.951237 10.0
92.052037 10.0
92.152837 10.0
92.253637 10.0
92.354437 10.0
92.455237 10.0
92.556037 10.0000992073
92.656836 10.0
92.757636 10.0
92.858436 10.0
92.959236 10.0
93.060036 10.0
93.160836 10.0
93.261636 10.0
93.362436 10.0
93.463236 10.0
93.564036 10.0
93.664836 10.0
93.765636 10.0000992073
93.866435 10.0
93.967235 10.0
94.068035 10.0
94.168835 10.0
94.269635 10.0
94.370435 10.0
94.471235 10.0
94.572035 10.0
94.672835 10.0
94.773635 10.0
94.874435 10.0000992073
94.975234 10.0
95.076034 10.0
95.176834 10.0
95.277634 10.0
95.378434 10.0
95.479234 10.0
95.580034 10.0
95.680834 10.0
95.781634 10.0
95.882434 10.0
95.983234 10.0
96.084034 10.0000992073
96.184833 10.0
96.285633 10.0
96.386433 10.0
96.487233 10.0
96.588033 10.0
96.688833 10.0
96.789633 10.0
96.890433 10.0
96.991233 10.0
97.092033 10.0
97.192833 10.0
97.293633 10.0000992073
97.394432 10.0
97.495232 10.0
97.596032 10.0
97.696832 10.0
97.797632 10.0
97.898432 10.0
97.999232 10.0
98.100032 10.0
98.200832 10.0
98.301632 10.0
98.402432 10.0
98.503232 10.0000992073
98.604031 10.0
98.704831 10.0
98.805631 10.0
98.906431 10.0
99.007231 10.0
99.108031 10.0
99.208831 10.0
99.309631 10.0
99.410431 10.0
99.511231 10.0
99.612031 10.0
99.712831 10.0000992073
99.81363 10.0
99.91443 10.0
100.01523 10.0
100.11603 10.0
100.21683 10.0
100.31763 10.0
100.41843 10.0
100.51923 10.0
100.62003 10.0
100.72083 10.0
100.82163 10.0
