0.001 9.94702449244276
0.101235 9.379343398034987
0.201387 8.802012618800415
0.001 3.817621006010757
0.301555 17.714582833373324
0.40156300000000006 5.23506988564168
0.502299 4.751073644027357
0.10215199999999997 17.690652641644746
0.6028910000000001 5.659340659340659
0.7033550000000001 2.801179823026544
0.202544 21.476563749800057
0.3025599999999999 7.140023800079331
0.4033999999999999 7.140023800079331
0.50424 7.140023800079331
0.6050800000000001 7.140023800079347
0.8033700000000001 20.70847295356627
0.9036420000000003 4.364057878327607
1.0037140000000002 8.32040310325521
1.1037380000000003 10.000099475762749
1.2042650000000001 9.999999999999984
1.3047930000000003 10.000000000000027
1.405321 9.999999999999984
1.5058490000000002 9.999999999999984
1.6063770000000004 9.521836149187118
1.7067610000000004 9.165739710789778
1.8074490000000003 8.56138107416882
1.907545 8.561381074168782
0.7059199999999999 18.970917225950767
2.0076410000000005 12.015020773410063
2.1077690000000002 7.374701670644376
2.2083290000000004 7.484628283957514
2.3085130000000005 9.880095923261418
2.408593 9.880095923261374
2.5086730000000004 9.76108943218923
2.6091290000000003 9.999999999999984
2.7096570000000004 9.880194646229477
2.8097360000000005 9.880095923261418
2.909816 9.880095923261374
3.0098960000000003 9.640028797696196
3.1099040000000002 9.521836149187118
3.2102880000000003 9.521836149187118
3.3106720000000003 8.09478447249347
3.411448 7.243087741729249
0.806495 18.56583885650394
0.9066790000000005 3.107105512124685
3.5115600000000002 21.48395828357626
3.6120479999999997 7.133986147599688
3.712536 6.785459163425654
3.8133280000000003 7.243087741729313
1.0070940000000004 14.071070832339606
3.9134399999999996 14.897714559693114
4.013552 6.651518775412596
1.1077260000000004 9.28645130565916
4.1138959999999996 14.175956403703228
4.214455 6.785459163425714
4.315246999999999 7.484628283957481
4.415431 6.40976543800865
4.515702999999999 6.303950401398903
4.616351 6.40976543800865
1.2085180000000006 22.925245486220945
4.716622999999999 11.451715374841227
1.3095420000000013 9.857482185273135
4.817358999999999 11.101907204662728
4.917557999999999 5.094128908742824
1.4105820000000016 13.143221284052823
1.511014000000002 5.006755145831717
5.017845999999999 15.552729873639024
1.6116780000000013 10.672315932528585
5.118509999999999 8.487199999999955
5.218509999999999 3.7789121071941483
5.318813999999999 3.778912107194115
5.419117999999999 3.4398854961831975
1.7117500000000012 31.631833992329884
1.8126610000000012 6.897098462026312
5.5197259999999995 9.543130990415353
5.619885999999999 3.4398854961832277
1.9135730000000013 19.59309689676997
2.014629000000002 6.560114503816836
2.1152370000000014 6.412286257124718
2.216293000000002 6.897098462026312
5.720493999999999 16.96586297445692
5.821029999999999 3.196466937216521
2.317205000000002 19.949335022165965
2.418261000000002 4.625282903254549
2.519444000000001 5.248926355972607
5.9215659999999986 17.432657926102408
6.022245999999999 4.508555511341049
2.6200360000000016 17.61485360628433
2.720860000000001 6.317044100119155
2.8215400000000015 6.897098462026252
2.9224520000000025 6.8970984620263724
3.0233640000000017 6.8970984620263724
3.124276000000001 7.198848184290506
6.122765999999999 23.424215014859772
3.224292000000001 13.54807769163119
3.3243800000000023 7.140023800079347
3.425220000000002 6.8970984620263724
3.5261320000000014 6.897098462026252
3.6270440000000024 6.560114503816836
6.223372999999999 18.768998169809826
3.7276520000000017 13.787866677324024
3.8277400000000013 6.897098462026252
6.323908999999999 9.46086261980841
3.9286520000000023 13.418664323725322
4.028811000000002 6.897098462026252
4.129723000000003 6.2210878928059
6.424068999999998 13.965544743978375
4.230027000000002 12.1941499960149
6.524372999999997 7.0801694508832576
4.330403000000003 13.47805343511435
4.431011000000004 6.709265175718922
6.624460999999997 9.917243574441
4.531171000000003 13.787866677323777
4.6312590000000045 7.0473005255614805
6.724996999999997 8.940206842319943
4.731723000000003 14.277715565509503
4.831739000000003 7.198848184290633
4.931755000000002 6.897098462026252
6.825459999999998 11.88430015118963
6.925995999999998 3.196466937216521
5.032667000000003 20.453464404629933
7.026531999999998 6.3109731837351815
7.127067999999998 3.2907348242811274
7.227227999999998 3.0461194149148896
5.133579000000002 27.472800931685935
5.234042000000003 7.0473005255614805
5.334506000000002 6.897098462026252
7.327315999999998 12.102150107905103
7.4274039999999975 3.0461194149148896
5.435418000000003 20.94406981356608
5.536258000000003 6.953880585085035
7.527491999999997 9.21405750798732
7.627651999999996 2.952699474438589
5.636346000000004 20.996640537513976
5.736362000000004 6.953880585085159
7.728115999999996 8.891464425949401
5.836450000000004 14.157734762437995
5.936466000000004 7.047300525561356
6.036930000000004 7.198848184290506
6.1369460000000045 7.0473005255614805
6.237410000000003 7.047300525561356
7.828202999999997 17.621548500039793
6.337874000000004 13.607066125566966
6.438410000000004 6.803533062783483
6.538946000000004 6.4650011972224375
7.928738999999997 13.350164501476025
6.639178000000004 13.29872204472858
6.739338000000003 6.897098462026252
6.840250000000004 6.8970984620263724
6.941162000000003 6.654519527845968
7.042146000000003 6.803533062783483
7.142682000000003 6.412286257124774
7.243738000000003 6.4650011972224375
7.343970000000003 6.654519527845968
8.029345999999997 30.200238379022483
7.444954000000004 12.81040795761802
8.130025999999997 7.069997605555105
8.230257999999997 3.196466937216521
7.545185000000003 20.0967179324558
7.646097000000004 6.709265175718922
8.330793999999997 9.707667731629499
8.430953999999996 3.1964669372164645
7.746257000000003 20.291238959179168
7.846793000000001 6.5601145038167195
8.531489999999998 10.910321758521812
7.947401000000002 12.358393408856799
8.048385000000003 6.412349710553737
8.149440000000002 6.170397911557461
8.250568000000005 6.465001197222552
8.350800000000003 6.803533062783363
8.631937999999998 20.89616613418553
8.732097999999997 3.6829558998807905
8.451336000000005 19.561068702290545
8.832777999999998 6.879770992366335
8.551944000000002 13.190208349837546
8.652928000000003 6.897098462026252
8.753840000000004 6.897166810357644
8.854751000000004 6.953880585085159
8.933385999999999 15.960063897763751
9.033545999999998 3.4398854961831673
8.954839000000003 20.052518500835884
9.134153999999999 6.499201277955111
9.055375000000002 13.418530351437845
9.155535 6.897098462026252
9.256447000000001 6.803533062783604
9.356983 6.953880585085159
9.457071 6.897166810357644
9.234314000000001 18.7004300047774
9.557981999999999 13.913112414777585
9.658893999999997 7.047300525561232
9.759357999999999 6.803533062783604
9.334778000000004 12.8246468193788
9.435010000000005 3.1964669372165773
9.859893999999997 20.052518500835177
9.960429999999999 6.412286257124774
9.535546000000004 10.237754452926453
10.061485999999999 13.298722044728105
10.161646000000001 6.709332161862779
10.261804999999999 6.5601145038167195
10.362413 6.709265175718922
9.636154000000001 16.38318279913684
10.462572999999999 13.907761170169826
9.736242 6.092238829829779
9.83633 2.952699474438641
9.936793999999999 2.952699474438641
10.562661000000002 28.084093613644935
10.663501000000004 7.140023800079472
10.764341000000002 7.140094606253492
10.865180000000002 7.140023800079221
10.966020000000004 7.140023800079472
11.066860000000002 7.140023800079221
11.167700000000004 6.803533062783604
10.037257999999998 24.061978545887833
11.268236000000002 12.810280150051641
10.137937999999998 6.961673027989989
10.238545999999996 3.53499880277749
11.368468000000004 19.56106870228985
10.338777999999998 6.9877883310720295
10.439009999999996 2.9527288653533756
11.469076000000005 20.3345489139057
10.539472999999997 6.069437808568102
11.569988000000002 14.277715565509503
11.670004000000002 7.140023800079472
11.770844 7.140023800079221
10.639937 11.608184797378364
10.740025 3.0461194149148896
11.871684000000002 20.861641755255476
11.971772000000001 6.897098462026252
10.840112999999999 9.220777923206949
12.072684000000002 14.042046806822468
12.173524000000004 6.953880585085159
12.273612000000004 7.0473005255614805
12.374076000000002 7.047300525561232
12.474540000000005 6.953880585085159
10.940199999999997 18.18130990415355
12.574628000000004 13.239503816793743
12.675236000000005 6.412286257124774
12.776292000000005 6.465001197222552
11.040359999999996 13.903354632587517
12.876524000000003 13.4878400557019
12.977059000000004 6.465001197222552
11.140519999999999 10.155852417302683
13.077291000000002 13.29872204472858
13.177451000000001 6.5601145038167195
13.278059000000002 6.074321105288235
11.241128 14.557725901222812
13.378811000000002 12.322539479981138
11.34188 7.557824214388162
13.479115 12.587080430652335
11.442184000000001 7.152278237271841
13.580171 13.178913738019311
11.542415000000002 7.064922635188935
13.680330999999999 12.587080430652335
13.781386999999999 6.803533062783604
13.881922999999997 6.5601145038167195
13.982530999999998 6.412286257124774
11.642719000000003 17.5145013905442
11.743399000000004 3.1964669372165773
14.083586999999998 19.97780244173121
11.843935000000002 6.416996974809959
14.184498999999999 13.556365942603799
14.285410999999996 6.897098462026252
11.944094000000003 9.18617614269767
14.386322999999997 14.027655663016613
14.486410999999997 6.803533062783604
14.586946999999995 5.39223518133886
12.044558000000006 14.386623034559552
12.144790000000008 3.6829558998809206
14.687090999999995 19.322519083969247
12.245470000000005 6.879770992366335
12.346078000000006 3.1964987317849283
14.787698999999996 20.171878730007524
12.446613000000006 6.392933874432929
14.888234999999995 13.787866677324024
14.988322999999994 6.897098462026494
12.547149000000008 9.104156712852154
15.089234999999992 14.094601051122961
15.18969899999999 7.0473005255614805
12.64761300000001 8.858098423315608
12.748077000000013 3.1964669372165773
15.290162999999989 20.944277511676912
15.39100199999999 7.047300525561232
15.491465999999992 6.897098462026494
15.59237799999999 6.897098462026252
15.69328999999999 7.198848184290506
15.79330599999999 7.0473005255614805
15.89376999999999 6.897098462026252
15.99468199999999 6.709265175718922
12.848613000000011 27.37487069308459
12.949149000000013 3.0461194149148896
16.09484199999999 20.572379895354164
16.19575399999999 6.897166810357644
16.29666499999999 6.897098462026494
16.397576999999988 6.953880585084913
16.49766499999999 6.803533062783604
16.59820099999999 6.897098462026252
13.049237000000012 22.278713384947295
16.69911299999999 13.071377643983151
16.80009699999999 6.5601145038167195
16.90070499999999 6.560114503816951
17.00131299999999 6.709265175718684
17.10147299999999 6.897166810357644
17.20238399999999 6.897098462026252
13.14946900000001 23.11741214057533
13.24962900000001 3.1964669372165773
17.303295999999992 20.29123895917845
17.403831999999994 6.709265175718922
13.350165000000008 9.789936102236528
13.450325000000007 3.1964669372164645
17.503991999999993 20.0823892893923
13.550861000000008 6.421549036847606
17.604975999999994 13.907900126889817
13.650949000000008 6.092238829829563
17.705062999999992 13.72642635473885
17.80559899999999 6.953880585085159
17.90568699999999 6.953880585085159
18.00577499999999 7.140023800079221
13.75103700000001 15.230597074574447
18.10661499999999 13.975155279503277
13.85112500000001 6.009911278075323
18.20707899999999 14.157734762437492
18.307094999999993 7.140023800079472
18.40793499999999 6.709332161862779
18.50809399999999 6.803533062783123
18.608629999999994 6.953880585085159
18.708717999999994 6.654519527846202
13.95121300000001 21.719583034933155
18.80970199999999 13.538338658146632
18.909861999999993 6.897098462026252
19.010773999999994 6.897098462026252
19.111685999999995 7.140023800079472
19.212525999999993 6.897098462026252
19.313437999999994 6.654585425269641
19.414420999999994 7.047300525561232
19.514884999999996 6.8970984620267375
14.051749000000008 28.073695148267667
19.61579699999999 13.907761170170318
14.151837000000015 5.987418378723011
19.71588499999999 14.277715565508997
19.815900999999993 6.897098462026252
19.916812999999994 7.140023800079472
20.017652999999992 7.140023800079472
20.11849299999999 7.140023800079472
20.21933299999999 7.140094606253492
14.25230100000001 20.340818601687698
20.32017199999999 14.027655663016613
14.352765000000012 6.092238829829779
20.42025999999999 14.157734762437492
14.452853000000012 5.74136008918645
20.520275999999992 14.277715565508997
20.620291999999996 7.140023800079472
20.721131999999994 7.140023800079472
20.82197199999999 6.953880585085159
20.92205999999999 6.953950063444662
21.022146999999993 7.19884818429025
21.122162999999997 6.8970984620267375
21.22307499999999 6.709265175718684
14.553317000000007 27.64332221692871
21.323234999999993 11.5034350535229
14.654069000000007 8.859509397897412
14.754517000000007 3.778912107194081
21.423378999999994 18.23599523242009
21.52405899999999 6.170397911557461
21.625186999999993 6.412286257124774
21.726242999999993 6.654585425269641
21.827225999999992 6.803533062783604
21.92776199999999 6.897098462026252
22.02867399999999 7.140023800079472
22.12951399999999 6.953880585084666
22.229601999999996 7.140023800079472
14.854821000000008 32.76636559827368
14.954909000000008 3.1964669372165773
22.330441999999994 20.320050701100367
22.431426 6.412286257124774
22.532481999999998 6.897166810357886
22.633392999999995 6.897098462026252
22.734304999999996 6.897098462026252
22.835216999999997 6.897098462026252
22.936128999999998 7.140023800079472
23.036968999999996 6.897098462026252
23.137880999999997 6.953880585085159
23.237968999999996 6.5601145038167195
23.338576999999997 6.803533062783604
15.055445000000006 38.275642555901065
23.439112999999995 13.855847426415027
23.539576 6.412286257124774
23.640632 6.560114503817183
23.741239999999994 6.897098462026252
23.842151999999995 6.897098462026252
23.943063999999996 6.897098462026252
24.043975999999997 7.047300525561232
15.155981000000004 25.261984392420377
24.14444 14.277715565508997
15.256445 5.74136008918645
15.356908999999995 2.801151815709384
24.244456000000003 21.476778483227715
24.344471000000002 7.19884818429025
24.444487000000006 7.04730052556173
24.544951 7.047300525561232
24.645415000000003 7.047300525561232
24.745879000000006 6.8970984620267375
24.846791 6.897098462026252
24.947703 7.047300525561232
15.456924999999998 26.80114585820053
25.048167000000003 13.787866677324024
25.148255000000002 6.897166810357401
15.557460999999996 9.34351873955615
25.249166000000006 13.92304641015497
25.350006000000004 6.897098462026252
25.450918000000005 7.047300525561232
15.657996999999995 11.892817327599662
25.551382000000007 14.277715565510011
25.651398000000004 7.19884818429025
25.751414000000008 7.04730052556173
25.851878000000003 7.19884818429025
25.951894000000006 7.04730052556173
26.052358 6.709332161862304
26.152517000000007 6.897098462026252
26.253429000000008 6.8970984620267375
26.354341 6.5601145038167195
26.454949000000003 6.709265175718684
15.758460999999997 33.89456869009501
15.858621 3.2907348242813024
26.555109000000005 20.215633423180392
26.656021000000006 6.897098462026252
26.756933000000007 6.897098462026252
26.857845000000008 6.170458927882872
26.958972000000006 6.317044100119379
27.059652000000003 6.412286257124774
15.958780999999995 23.857827476037752
27.160708000000003 13.239503816793743
16.058940999999997 6.879770992366335
16.159549 3.2907348242813024
27.261316000000004 20.0967179324558
16.259708999999994 6.658951233138757
16.359941 3.4398854961834098
27.362228000000005 19.60706646597404
16.460548999999993 7.5189192942087875
16.56137199999999 3.4398854961831673
27.46321200000001 18.71275327771212
27.563892000000006 6.709265175718684
27.66405200000001 6.803533062783604
27.764588000000007 6.803533062783604
27.865124000000005 7.047300525561232
27.965588000000007 7.047300525561232
28.06605200000001 7.04730052556173
28.166516000000005 7.19884818429025
16.661979999999993 27.96890397459824
16.76244299999999 2.801151815709384
28.26653200000001 21.301071003570428
28.367372000000007 7.19884818429025
28.46738800000001 7.04730052556173
28.567852000000006 7.19884818429025
28.66786800000001 7.04730052556173
28.768332000000004 7.1400238000789695
28.86917200000001 7.140023800079472
28.970012000000008 6.897098462026252
16.862458999999994 26.57268370607152
29.07092400000001 13.668108745391232
29.17101100000001 6.5601145038167195
29.271619000000012 6.5601145038167195
16.96261899999999 13.350031806615625
29.372227000000013 13.437450451878732
29.473139000000014 7.04730052556173
29.57360300000001 6.897098462026252
29.67451500000001 7.047300525561232
29.774979000000013 7.04730052556173
29.875443000000008 7.19884818429025
29.97545900000001 7.047370673780555
30.07592200000001 7.19884818429025
17.06322699999999 26.75645432019836
17.16331499999999 2.801151815709583
30.175938000000013 20.888040105035905
30.276474000000018 6.654519527846202
30.377458000000015 6.897098462026252
30.478370000000016 7.198848184290762
30.578386000000013 6.654519527845735
30.679370000000016 6.317044100119379
30.780050000000013 6.465065698237018
30.880281000000014 6.412286257124774
30.981337000000014 6.221087892805791
17.263330999999987 34.25665975434635
31.081641000000015 13.080703979704959
31.182553000000016 6.70926517571916
31.28271300000001 6.5601145038167195
17.363634999999988 13.268129770992216
31.383321000000013 13.437450451878732
31.484233000000014 6.70926517571916
31.58439300000001 6.897098462026252
31.68530500000001 6.654585425269641
17.46424299999999 15.829749960184376
17.56470699999999 2.9526994744385364
31.78628800000001 21.14190157668519
31.886752000000005 7.1400238000789695
31.98759200000001 7.140023800079472
32.08843200000001 7.140023800079472
32.18927200000001 7.140023800079472
32.29011200000001 6.953880585084666
32.390200000000014 7.140023800079472
32.49104000000001 7.140094606253492
17.665170999999994 26.164198120721107
32.59187900000001 13.913112414777094
32.692791000000014 6.897098462026252
32.793703000000015 6.897098462026252
17.76563499999999 12.776717557251763
32.894615000000016 13.120229007633439
32.99522300000002 6.654519527846202
33.096207000000014 6.897098462026252
33.197119000000015 6.897098462026252
17.86624299999999 16.37140575079948
33.298031000000016 13.4878400557019
33.39856600000002 7.047300525561232
33.49903000000002 7.047300525561232
33.59949400000002 7.04730052556173
33.69995800000002 7.1400238000789695
33.80079800000002 6.897098462026252
33.90171000000002 7.140023800079472
17.966402999999985 24.039645112301294
18.066490999999985 2.801151815709583
34.00255000000002 21.10143074094807
34.10263800000002 6.897166810357401
34.203549000000024 7.140023800079472
34.30438900000002 7.140023800079472
18.16650699999998 14.845516802038196
34.40522900000002 14.277715565508997
34.50524500000002 6.8970984620267375
34.60615700000002 6.953880585084666
34.706245000000024 6.803533062783604
34.80678100000002 6.654519527846202
18.266970999999984 19.537738104725406
18.367346999999988 3.6829558998809206
34.90776500000002 18.796579900429847
35.00799600000002 6.709265175718684
18.468026999999985 10.119009584665006
35.10815600000002 13.239503816793743
18.56818699999998 6.638815946526737
35.20876400000002 13.92304641015399
35.30960400000003 7.04730052556173
18.66872299999998 8.8913755894813
35.410068000000024 14.042046806821972
35.51090800000003 7.04730052556173
35.611372000000024 7.0473706737800565
18.768810999999978 11.9662608418877
35.71183500000003 13.92304641015497
35.81267500000003 7.047300525561232
35.91313900000003 6.897098462026252
36.01405100000003 7.198848184290762
36.11406700000003 7.047300525561232
36.21453100000003 6.221087892805791
18.869346999999976 22.952646239555243
18.969866999999972 3.4398854961831673
36.31483500000003 18.607055175086543
36.415442000000034 6.317044100119379
36.51612200000003 6.465001197222552
36.61635400000003 6.709265175718684
36.71651400000003 7.047300525561232
36.816978000000034 6.8970984620267375
36.91789000000003 7.047300525561232
37.01835400000003 6.654519527845735
19.070474999999973 29.698881789138756
19.17063499999997 3.778912107194081
37.119338000000035 19.48823576012102
37.22032200000003 6.80360073606202
19.27093899999997 9.753322193044765
37.32085700000003 13.607066125567208
19.371474999999975 6.3929338744331545
37.42139300000003 13.427869761545857
37.522377000000034 6.8970984620267375
37.62328900000003 6.897098462026252
37.72420100000003 6.709265175718684
37.82436100000003 6.5601145038167195
37.92496900000003 6.70926517571916
38.02512900000003 6.560179709165127
38.12573600000003 6.897098462026252
19.472010999999974 29.30860842458651
19.572098999999973 3.1964669372165773
38.22664800000003 20.487220447283843
38.326808000000035 6.897098462026252
19.67263499999997 9.467668451762496
19.77272299999997 3.0461194149148896
38.427720000000036 20.861641755255476
38.527808000000036 6.953880585085159
38.627896000000035 7.047300525561232
38.72836000000004 6.897166810357886
19.87281099999997 15.091575091574741
38.829271000000034 14.09460105112346
38.92973500000003 6.897098462026252
39.03064700000003 6.412286257124774
19.973274999999973 13.104325699745399
39.13170300000003 13.298722044728105
20.073882999999974 6.82336978210563
20.174114999999972 3.6829558998809206
20.27479499999997 3.4398854961831673
20.37540299999997 3.535034071295278
20.47563399999997 3.5349988027776154
20.57586599999997 3.534998802777365
20.676097999999975 3.6829558998809206
39.23186300000003 50.905782770349056
39.332991000000035 6.170397911557894
39.43411900000003 6.412286257124774
39.53517500000003 6.5601145038167195
39.63578300000003 6.5601145038167195
39.73639100000003 6.709265175718684
20.77677799999997 24.670413288904186
39.836551000000036 13.675281433328877
39.93746300000003 6.412286257124774
40.03851900000003 6.654519527845735
20.877312999999972 13.409744408945356
40.13950300000003 13.73626373626439
40.23996700000003 6.709265175718684
40.34012700000003 6.803533062783604
40.44066300000003 7.140023800079472
40.54150300000003 7.1400238000789695
40.64234300000003 6.70926517571916
40.74250300000003 5.635998441106826
40.84257400000003 6.317044100118932
40.94325400000003 6.317044100119379
41.04393400000003 6.709265175718684
20.977472999999975 36.85623003195059
21.07763299999997 3.0461194149146738
21.177720999999977 3.0461194149148896
21.277808999999976 2.952699474438745
21.37827299999997 2.9526994744385364
41.14409400000003 41.993281075029444
41.24411000000003 7.140094606253492
41.34494900000003 7.1400238000789695
41.44578900000003 6.897098462026252
21.478736999999974 14.73663176404771
21.578824999999973 3.0461194149148896
21.678912999999973 3.2907348242813024
41.546701000000034 27.350562866655828
41.647613000000035 6.709265175718684
41.74777300000004 6.897098462026252
41.84868500000004 6.897098462026252
21.77907299999997 15.724562385101187
41.94959700000004 14.042186058965202
21.879160999999968 5.927583726321288
42.05043600000004 14.157734762436487
21.97924899999996 5.7413600891868555
22.07971299999995 2.801151815709185
22.17972899999996 2.9526994744389543
42.15045200000005 28.555431131015965
22.280192999999947 5.741360089186044
22.38065699999995 2.801151815709583
42.25046800000006 21.301071003571927
42.35130800000005 7.19892016197577
22.480672999999946 8.612040133779065
22.58113699999995 2.801151815709185
42.45132300000005 21.221325233794364
42.55141100000005 6.8970984620267375
22.68115299999996 9.220685796499126
42.652323000000045 13.794196924053475
22.78124099999996 6.552162849872236
22.881848999999967 3.1964669372163512
22.982384999999972 3.4398854961834098
42.75323500000004 25.942456364071834
42.853611000000036 6.0743813957180075
23.082992999999966 11.985335139874415
23.183368999999963 3.290734824281069
23.283528999999966 3.4398854961834098
23.38413699999996 3.439885496182924
42.95436200000004 32.32195199239584
23.48474499999997 6.797868956743406
43.055346000000036 13.190208349836151
43.15633000000005 6.46500119722301
23.585352999999962 10.440577859365705
43.25656200000004 12.753404384231132
43.35724100000004 6.412286257124774
23.685584999999968 10.729166666667304
23.78619299999996 3.290734824281069
23.886352999999964 3.1964669372163512
43.45829700000004 26.837060702874737
43.55845700000004 6.803533062784084
43.65899300000003 6.953880585085159
43.75908100000003 6.953880585085159
43.85916900000003 7.047300525561232
43.95963300000003 6.953950063444662
44.059720000000034 6.953880585085159
44.159808000000034 6.953880585085159
44.25989600000003 6.953880585085159
44.35998400000003 7.047300525561232
44.460448000000035 7.1400238000789695
44.56128800000004 6.8970984620267375
23.98688899999997 39.53336518553818
24.087352999999972 2.9526994744385364
44.662200000000034 21.182070606903924
44.763040000000025 7.198848184289739
44.863056000000036 7.047370673781053
44.963519000000026 7.198848184289739
45.06353500000004 7.047300525562228
45.163999000000025 7.198848184289739
45.264015000000036 7.047300525562228
24.187816999999974 23.216369594756728
45.364479000000024 13.72642635473788
24.287904999999974 6.499201277955111
24.388064999999976 3.290734824281069
45.46501500000003 19.918893129772176
24.48822499999998 6.879839374994023
45.56562300000002 13.437450451877785
45.66653500000003 6.8970984620267375
24.588831999999975 9.303013348253582
45.767447000000026 13.907761170170318
45.867535000000025 7.047300525561232
45.96799900000003 7.198848184290762
46.068015000000024 7.047300525561232
24.688919999999975 14.818959315802166
46.168479000000026 13.72642635473788
46.26901500000003 6.803533062783123
46.36955100000004 6.9539500634456495
46.469638000000025 7.198848184289739
46.569654000000035 6.8970984620267375
46.67056600000003 6.709265175718684
46.77072600000003 6.8970984620267375
46.871638000000026 6.953880585085159
24.789007999999974 27.722567287784035
46.971726000000025 14.027655663016613
47.071814000000025 6.897098462025766
24.889471999999977 9.104156712852154
47.17272600000003 14.094741347562106
47.27318900000002 7.047300525561232
47.373653000000026 6.709265175718684
24.98993599999998 12.376064295377878
47.47381300000003 13.787866677322066
47.57390100000004 6.8970984620267375
47.674813000000036 7.198848184290762
25.09047199999997 12.019822556150647
25.19055999999997 3.0461194149148896
47.77482900000003 21.116621340586235
25.29064799999997 5.741360089186044
25.39111199999997 2.801179823026572
47.87484500000003 20.75381679389143
25.49112699999997 6.746006389776191
47.97545300000004 13.239503816794679
25.591286999999973 6.8797709923668195
25.691894999999967 3.290734824281069
48.07606100000003 19.799618320609063
25.79205499999997 6.987788331072525
25.89228699999996 3.534998802777365
48.17666900000004 19.441793893130924
48.27727700000003 5.248978536846788
25.992518999999966 12.468939152596356
48.37786800000004 11.791329204383045
48.47862000000004 5.734310289901237
26.092966999999966 12.231609149597864
26.193342999999963 3.925678894711769
48.57906800000004 18.858916209118128
48.67960400000005 6.560114503817183
48.78021200000004 6.465001197222094
26.294094999999963 13.492012779554297
26.39425499999995 3.1964987317847022
26.49478999999996 3.0461194149148896
26.59487799999996 3.1964669372163512
48.88044400000005 34.28093645485355
48.980908000000035 7.047300525561232
26.695413999999964 8.973703141235756
26.795501999999964 3.0461194149148896
26.895589999999963 3.290734824281069
26.995749999999965 2.801151815709583
49.08137200000004 34.48549231012883
27.095765999999962 6.416932907348084
49.182284000000045 13.556500282427569
27.195925999999965 6.552162849873162
49.28319500000004 12.943318556048155
49.38425100000004 6.317044100118486
49.48493100000005 6.317044100119379
49.58561100000005 5.24892635597307
49.68620300000004 5.734310289901237
49.78665100000004 5.734310289901237
27.29653399999996 27.868944049802945
27.396765999999964 3.6829558998809206
27.49744599999996 3.290767679389606
49.88709900000004 26.238019169328425
49.987259000000044 6.8970984620267375
50.08817100000004 7.047300525561232
50.18863500000004 7.047300525561232
50.28909900000004 6.953880585085159
50.38918700000004 6.953880585085159
27.597604999999966 21.487491007913142
50.48927500000004 14.042046806823953
50.59011500000003 6.897098462025766
50.69102700000004 6.897166810357886
50.79193800000004 6.953880585085159
50.89202600000004 6.953880585085159
27.697692999999965 18.27671648948934
50.992114000000036 14.042046806821972
27.797780999999965 6.065091111641282
27.89831699999997 3.0461194149148896
27.99840499999997 2.9526994744389543
51.09295400000004 28.075507918729983
28.098868999999958 5.7413600891868555
28.199332999999946 2.801151815709185
51.19297000000005 21.476778483227715
51.29298500000005 7.140023800079975
51.39382500000004 7.1400238000789695
51.49466500000005 7.1400238000789695
51.59550500000005 7.140023800079975
28.299348999999957 17.371113420190316
51.69634500000004 13.975155279502781
51.796809000000046 6.897098462025766
28.399436999999956 9.739372268573991
28.500116999999953 3.6829558998809206
51.897721000000054 19.662893282843527
51.997808000000056 6.317044100119379
28.60079699999995 10.394119984108375
28.701476999999947 3.778912107193814
52.09848800000005 18.58027632205813
52.19924000000005 6.074321105288235
28.801780999999956 11.77703668413531
52.29999200000005 12.468334388853728
52.40104800000005 6.317044100119379
28.902532999999956 10.729166666667304
29.00314099999995 3.439885496182924
52.50172800000005 20.142476045839707
52.60181500000005 6.709265175719636
29.103748999999958 9.625399361022128
52.70197500000004 13.418530351437369
29.20390899999996 6.474894565130558
29.304444999999966 3.290734824281069
29.404604999999968 3.196466937216803
29.50514099999996 2.9526994744385364
52.80213500000004 34.40038222646839
52.902599000000045 7.198848184290762
53.00261500000004 7.0473706737800565
53.103078000000046 6.8970984620267375
53.20399000000004 7.047300525561232
29.60560499999996 17.716196846631217
53.30445400000004 14.094601051122464
53.404918000000045 6.8970984620267375
29.706068999999964 9.378594249201047
53.50583000000004 13.239503816794679
53.60643800000003 6.560114503816257
53.70704600000004 6.560114503817183
53.807654000000035 6.897166810357886
53.90856500000003 6.897098462025766
54.00947700000004 6.8970984620267375
54.11038900000003 6.897098462025766
54.21130100000004 7.198848184290762
54.31131700000004 6.8970984620267375
54.41222900000003 7.047300525561232
54.512693000000034 6.897098462025766
29.806228999999966 37.953001358804435
54.61360500000004 14.042046806823953
54.71444500000003 7.047300525561232
54.814909000000036 7.0473706737800565
54.91537200000004 7.1400238000789695
29.906316999999966 14.73663176404771
30.006404999999965 2.801151815709583
55.016212000000046 20.92912636752941
55.11712400000004 7.047300525561232
30.106420999999962 9.022137283006638
55.21758800000004 13.777955271565157
30.206884999999964 6.581469648562138
55.317748000000044 13.487705896396518
30.307044999999967 6.982841988774244
30.407347999999963 3.439885496182924
30.50795599999997 3.4398854961834098
55.418284000000035 25.625744934446534
55.51896400000003 6.465001197222094
55.61919600000004 6.654519527846202
55.720180000000035 6.709265175718684
30.608563999999966 18.045599999998462
55.82034000000004 12.404580152672493
55.92094800000003 6.560114503817183
30.708563999999974 10.679534215982518
30.808867999999983 3.6829924810536636
30.909546999999982 3.4398854961834098
56.021556000000025 25.620560300102373
31.010154999999976 6.828274760383218
56.12178800000003 13.418530351437369
56.22194800000003 6.709265175719636
56.32210800000002 6.709265175718684
31.11031499999998 13.03174982095897
56.422268000000024 13.787866677324024
56.52235600000002 6.8970984620267375
31.210850999999984 9.582633415170246
31.31145799999998 3.046119414914457
56.62326800000002 20.082389289393003
56.724252000000014 6.709265175718684
56.82441200000002 6.8970984620267375
31.411545999999994 12.949789130261117
56.92532400000001 13.787866677324024
31.512082 6.092238829829779
57.02541200000001 13.907761170170318
31.61217 6.334664536741059
31.71233 3.4398854961834098
57.12550000000001 19.59329078224684
57.22655500000001 6.709265175718684
57.326715000000014 6.709265175719636
57.426875 6.654519527845267
57.527859000000014 6.654519527846202
31.812937999999995 20.470109346315436
57.62884300000001 13.000954198474053
57.729451000000005 6.953880585085159
57.829539000000004 7.047300525561232
31.91317 12.751597444089143
57.930003000000006 13.556500282427569
58.030914 6.8970984620267375
58.131826 7.1400238000789695
58.232666 7.1400238000789695
58.33350600000001 7.047300525562228
58.433969999999995 7.198848184289739
58.533986000000006 6.8970984620267375
32.01333 23.957317560546837
58.634898 13.907761170170318
58.734986 6.897098462025766
58.83589800000001 7.047370673781053
58.936361 7.047300525561232
59.036825 6.897098462025766
32.113418 18.823996821613594
59.13773700000001 12.952546938129217
32.214098 6.556855255828413
32.314634000000005 3.778912107194349
59.238721000000005 19.514725836059284
59.33895300000001 6.412286257124774
59.44000900000001 6.560114503817183
32.414938 13.769396037239668
59.540617000000005 13.788004436140277
32.515474000000005 6.229012493037873
59.64070400000001 13.787866677324024
59.740792000000006 7.047300525561232
59.84125600000001 7.047300525561232
59.94172000000001 7.1400238000789695
60.042560000000016 6.221087892806231
60.14286400000001 6.709265175718684
32.616009999999996 22.047425797726156
32.71654599999999 3.439885496182924
60.24302400000001 19.963756275808922
60.34400700000001 6.709265175718684
32.817153999999995 9.835282883744009
60.444167000000014 13.787866677324024
60.544255000000014 6.897098462025766
32.917689999999986 9.220685796499126
60.64516700000002 14.224240975376613
60.74555900000002 7.140023800079975
60.84639900000001 7.1400238000789695
60.94723900000002 7.1400238000789695
33.017777999999986 14.507042253522414
61.04807900000002 13.607201472123078
61.14861400000003 6.8970984620267375
61.249526000000024 6.709265175718684
33.11831399999998 12.916134185303196
33.21847399999998 3.1964669372163512
61.34968600000003 20.58706862356393
61.45052600000002 6.897098462025766
61.551438000000026 6.953880585085159
33.319009999999984 11.97483675744687
61.651526000000025 14.277715565507982
61.751542000000036 7.140094606253996
61.85238100000003 7.047300525561232
33.41947399999997 11.928913738018876
33.519633999999975 3.196466937216803
33.620169999999966 3.290734824281069
33.72032999999997 2.9526994744385364
61.95284500000003 34.01766531391561
62.05338100000004 6.709265175718684
62.15354100000004 6.8970984620267375
62.254453000000034 6.8970984620267375
62.35536500000003 6.897098462025766
62.456277000000036 6.709332161862304
33.82079399999997 22.75248311481991
62.55643600000004 12.459457321414103
33.92147399999997 7.529598728645437
62.65756400000004 12.810280150053002
34.022153999999965 7.06999760555473
62.757796000000035 13.071377643983611
62.85878000000003 6.897098462025766
62.95969200000004 6.8970984620267375
63.06060400000003 6.709265175718684
34.12238599999997 15.9717046169829
63.160764000000036 13.907761170170318
34.22247299999997 6.334664536741059
63.260852000000035 13.487705896396518
63.36138800000003 6.897098462025766
63.462300000000035 6.953880585085159
63.562388000000034 7.047300525561232
34.322632999999975 15.490570541896814
63.662852000000036 13.289169127623193
63.76308400000004 6.953880585085159
63.86317200000004 7.047370673781053
63.96363500000003 7.1400238000789695
64.06447500000004 6.953880585085159
64.16456300000004 7.047300525561232
34.423168999999966 21.487491007913142
64.26502700000005 14.157734762438498
64.36504300000004 6.897098462025766
64.46595500000005 7.047300525561232
64.56641900000005 7.047300525562228
64.66688300000004 6.560114503816257
64.76749100000005 6.803533062784084
64.86802700000004 6.803600736061539
64.96856200000005 7.047300525561232
65.06902600000005 7.047300525561232
65.16949000000005 6.8970984620267375
34.523256999999965 33.62796623666111
34.62372099999997 2.9526994744385364
34.72418499999997 2.801151815709583
65.27040200000005 28.555431131020022
65.37041800000004 7.1400238000789695
65.47125800000005 7.140023800079975
65.57209800000004 7.1400946062529895
34.82420099999997 14.48964910878434
65.67293700000005 13.72642635473788
65.77347300000005 6.953880585085159
34.924288999999966 9.303013348253582
